0.03285956382751465
0.03277873992919922
0.032895803451538086
0.033601999282836914
0.03216552734375
0.03255128860473633
0.032022953033447266
0.03317570686340332
0.03352069854736328
0.03439974784851074
0.03257608413696289
0.03250455856323242
0.0341486930847168
0.032402992248535156
0.03385734558105469
0.034134864807128906
0.03223896026611328
0.032537221908569336
0.03216075897216797
0.03269481658935547
0.03291034698486328
0.032921552658081055
0.03232884407043457
0.03251242637634277
0.0328221321105957
0.03411293029785156
0.03245043754577637
0.032706499099731445
0.0323796272277832
0.032631874084472656
0.03248262405395508
0.03325796127319336
0.03266406059265137
0.03354477882385254
0.0322718620300293
0.0321965217590332
0.032807350158691406
