0.033643484115600586
0.03237271308898926
0.03345298767089844
0.03228402137756348
0.03231549263000488
0.032418012619018555
0.032883405685424805
0.032303810119628906
0.03304719924926758
0.0335848331451416
0.03251528739929199
0.03235816955566406
0.03286266326904297
0.03338456153869629
0.034123897552490234
0.033124685287475586
0.03339266777038574
0.03344559669494629
0.03288459777832031
0.03253483772277832
0.04360342025756836
0.0327601432800293
0.03309369087219238
0.03334403038024902
0.03406023979187012
0.0341181755065918
0.03232526779174805
0.03214073181152344
0.03184938430786133
0.0318448543548584
0.032973289489746094
0.03239798545837402
0.03214573860168457
0.032618045806884766
0.03174233436584473
0.032041311264038086
0.0316162109375
