0.04335451126098633
0.04298138618469238
0.04320502281188965
0.04397439956665039
0.04441642761230469
0.04318571090698242
0.04229283332824707
0.04399824142456055
0.0447535514831543
0.045375823974609375
0.04312252998352051
0.04319024085998535
0.04630112648010254
0.043097734451293945
0.04501485824584961
0.04471874237060547
0.043427228927612305
0.04284214973449707
0.04320645332336426
0.04379916191101074
0.04324030876159668
0.04425406455993652
0.04392647743225098
0.04435539245605469
0.04321789741516113
0.044405221939086914
0.04374432563781738
0.04307961463928223
0.04335927963256836
0.0445706844329834
0.04330587387084961
0.04418826103210449
0.04307222366333008
0.04399991035461426
0.04250359535217285
0.04256105422973633
0.04380440711975098
