0.04390597343444824
0.043401479721069336
0.04408884048461914
0.042608022689819336
0.04327964782714844
0.04337739944458008
0.04426908493041992
0.04264068603515625
0.044197797775268555
0.04454684257507324
0.04303550720214844
0.044596195220947266
0.04375195503234863
0.04445528984069824
0.046277761459350586
0.04433035850524902
0.044587135314941406
0.04467058181762695
0.04342150688171387
0.043462276458740234
0.054997920989990234
0.04421663284301758
0.044106245040893555
0.04398918151855469
0.04496645927429199
0.04546093940734863
0.042525529861450195
0.04284262657165527
0.042241573333740234
0.04226565361022949
0.04345893859863281
0.042786359786987305
0.043228864669799805
0.043569087982177734
0.043701887130737305
0.04316067695617676
0.04949331283569336
