0.0
0.0009949207305908203
0.0009512901306152344
0.0009245872497558594
0.0019230842590332031
0.0020647048950195312
0.002914905548095703
0.0020029544830322266
0.008946895599365234
0.004910945892333984
0.009060859680175781
0.015635013580322266
0.01900768280029297
0.03281116485595703
0.04584860801696777
0.07075929641723633
0.07558250427246094
0.1155390739440918
0.14283514022827148
0.21442914009094238
0.26956653594970703
0.4364044666290283
0.7366883754730225
0.719576358795166
0.8397085666656494
1.5010168552398682
2.3148298263549805
3.30426287651062
4.591937780380249
6.896420955657959
6.8280863761901855
10.868653774261475
14.675090074539185
28.604612350463867
26.06812286376953
117.66567802429199
189.4707326889038
